orientation:
  w: 0.008400130829516376
  x: 0.9112229898573262
  y: 0.003380337056020114
  z: 0.4118080384290779
position:
  x: 0.45686657879708503
  y: -0.2996592958378563
  z: 0.2989250372596602
