orientation:
  w: 0.005030306832197556
  x: 0.8201930135588079
  y: -0.0025634564413047406
  z: 0.5720548329213601
position:
  x: 0.4434066047277657
  y: -0.3434951919050537
  z: 0.2025821093573757
