orientation:
  w: 0.1757321734862566
  x: 0.8227370557527961
  y: -0.3563662769054152
  z: -0.40647880261778685
position:
  x: 0.5618308821818921
  y: -0.3107536470010531
  z: 0.20943518672522482
