orientation:
  w: -0.022356950791427656
  x: 0.7858766775045647
  y: 0.016339042719854337
  z: 0.6177590426778278
position:
  x: 0.5870132666684306
  y: -0.3794653319090421
  z: 0.09437084756751346
