orientation:
  w: -0.024500832274727526
  x: 0.7791832309023544
  y: -0.002262255472949462
  z: 0.6263092453094949
position:
  x: 0.5445355582845589
  y: -0.35355177567331914
  z: 0.08307241750242121
