orientation:
  w: 0.003208746707577297
  x: 0.9746695892727907
  y: -0.014095231303852748
  z: 0.22317124779272227
position:
  x: 0.4417773107370325
  y: -0.0015749368949649434
  z: 0.3804145939179112
