orientation:
  w: 0.2859250757281711
  x: 0.6481607151346674
  y: -0.2604523481833554
  z: -0.6559718841167909
position:
  x: 0.474381547416465
  y: -0.30066238900947184
  z: 0.09133207249151044
