position: x: 0.3869665287087415
y: -0.3074179948940983
z: 0.10064486364365538
orientation: x: -0.6599387321645245
y: 0.28714158663650347
z: -0.6398345942428078
w: 0.2695223015319756
