pose:
  translation: 
    x: -0.02330821724774943
    y: -0.007796542246582973
    z: -0.12652063647418807
  rotation: 
    x: 0.01804096127439402
    y: -0.006587662398836236
    z: -0.6969376828282071
    w: 0.7168744608887


